0.0
0.0
0.0
0.0
0.0
0.0
0.0
0.0
0.0
0.0
0.0
0.0
0.0
0.0
0.0
0.0
0.0
0.0
0.0
0.0
0.0
0.0
-3.685470574302132e-20
-5.039831014345447e-19
1.054800799236323e-18
4.2316966831932574e-19
-5.829240318648939e-19
-2.9339687250096444e-19
-6.091047747884533e-19
1.2856974272268409e-18
3.564584832601861e-19
-1.721887087384496e-18
2.954071223210001e-19
7.879179539662946e-19
-2.3070886405896686e-19
-3.0581423066337776e-19
-6.003651787738509e-19
8.328143186119738e-19
2.8368963325277485e-19
-6.228411176323675e-19
3.427132910673999e-19
5.46262941950348e-32
-3.519406403867067e-33
7.443489122513483e-19
-3.717879513788732e-19
-6.461715373103609e-19
-3.5468454509603294e-19
-2.1055496185376021e-19
4.919407180857861e-19
5.342660770375776e-19
-1.5636557833067398e-18
4.585781212634128e-19
3.4724464985490266e-19
6.333085153695337e-19
-3.3349863758837543e-19
2.691449560810426e-19
-4.656152176437289e-20
-8.475465969239542e-20
1.6091806298990615e-20
9.162880496527367e-20
-3.3173327359752605e-19
8.88617851484514e-19
7.561177424976858e-33
7.993501381640422e-33
-3.272297083308317e-19
1.7892030810365973e-19
4.90276587919047e-19
2.0631160558125252e-19
1.956249712575155e-19
-6.013444658913551e-19
5.993474102063507e-21
1.8425583602394253e-19
2.6266488830902367e-19
-1.209773530059589e-18
3.7873272308337836e-20
-1.2722621815447386e-18
4.72547072530809e-19
-3.4251223456467736e-19
2.509270610839027e-19
-2.21259885260815e-19
1.710090666526089e-20
-2.467337957751582e-19
-1.566859537954084e-19
2.718497061246036e-32
4.1093830264359054e-32
1.608480229062552e-19
-6.653347024351647e-19
3.92187207321162e-19
-5.265949579510686e-20
-6.647518547038228e-19
9.937885999480008e-19
2.2096727516304743e-20
-6.082252870715031e-20
8.81804219339376e-19
3.363459601775247e-19
-2.668000302649437e-19
2.290032368659507e-19
6.582860761321485e-20
-5.459230167740619e-20
2.573003415543193e-19
5.1179286430143745e-20
1.203165401783771e-19
3.5558876204883927e-19
-6.804930719042053e-20
-1.59557765832172e-32
3.974330698970857e-33
9.920406548598386e-19
-4.3272989693638913e-19
-1.172308015095215e-19
2.2615494048271206e-19
-5.781174342244157e-19
2.4860601409919293e-19
-1.0770206169117177e-20
-1.1458387588853724e-18
1.0355777106616082e-19
-4.253377282684294e-19
-3.3422225546957907e-20
6.793029047527135e-19
-1.4263603023963498e-18
-3.8716979328646817e-19
2.877760018416881e-19
-8.6654995389580625e-19
3.3216734664429605e-19
-7.635309998473232e-19
-8.157510309736258e-19
-8.381577034883362e-33
-1.9861631326619283e-32
1.9137197234671855e-19
2.740254319574685e-19
7.172789793537699e-19
-1.7334179463527416e-19
2.321063509497954e-19
-4.9616312500005855e-19
8.035935225279715e-19
6.609874485867552e-19
-5.836969092893066e-19
8.100657231584538e-20
1.5426746496405121e-18
-6.116657445394219e-19
5.382416880995139e-19
6.845181252411328e-19
2.7664184649073555e-19
-4.434676408386401e-19
8.222306635455235e-19
7.124901041867158e-20
-1.2132280514509592e-21
-6.918414526472535e-32
-3.23926093523321e-33
7.420088501618653e-19
-9.985238109227953e-19
-3.7432602667898117e-19
2.4422919024388806e-19
1.9056829363624494e-20
-3.7055345071166827e-19
1.181705218931504e-18
-3.0135974566249304e-19
-6.231363267930199e-19
-7.549399942212422e-19
-9.669303820906183e-19
9.298517037481114e-19
-1.1274666650911439e-18
3.146324516615561e-19
-6.277479151094803e-19
-1.472653176104862e-19
-5.95194698030731e-19
-3.455694429894249e-19
1.227340051851755e-19
1.990524650186541e-17
2.160423612378557e-17
-1.8005829156894076e-19
-1.9198302939734858e-19
5.965086744436062e-20
6.798091901461889e-19
-1.2496513306553623e-18
-9.369388183932578e-19
-5.746798590939948e-19
-7.995963323498568e-19
1.038072648451308e-18
1.105784817730654e-18
-7.327212357949685e-20
4.761338977084574e-19
-1.2331383537136651e-19
6.231518770486965e-19
-2.7185078086923963e-19
-3.0193520547163657e-19
3.319667586466249e-19
-3.3812394264823306e-19
-1.1383197358931252e-19
1.1385288571236875e-06
-0.9999999999993525
-1.1568820182377177e-18
-3.1059567739377014e-19
6.797454583797103e-19
1.1583229171249888e-18
-1.4639837355545678e-18
3.2296325996019916e-18
7.385661233132537e-19
-3.84508959722103e-19
1.4687357035279156e-20
3.441005328614698e-20
-3.573063073551293e-19
-6.61293976615733e-19
1.0339981764192742e-18
-1.0535296625653258e-18
4.401412856605181e-19
-2.1299199668989756e-19
-6.332318215185341e-19
-1.459511670701154e-19
6.296362927297446e-19
-6.648925327542137e-23
5.407534698175643e-23
4.3121620432766556e-19
6.436443848810669e-21
-2.5671434114415643e-19
-4.997807066259422e-19
-1.1293686548592133e-18
1.248710666523758e-18
-1.8678181533374426e-18
-2.744822341796624e-19
1.9343664204602198e-19
-2.6558913017971864e-20
-3.841188094651121e-19
1.892058015567476e-19
-9.777887808843268e-19
8.647642221967539e-19
2.313574748851638e-20
8.45684630510301e-21
-2.0081868552543495e-19
8.275607872535686e-20
-2.6779310041830347e-19
0.0
0.0
1.4822425599138516e-19
2.737267414082853e-19
8.150514239704412e-19
2.9757780391125957e-19
3.0422903529022736e-19
-7.542103199933788e-19
1.4759794295285657e-19
6.444404421473618e-19
-2.862862904292091e-19
1.459020719585298e-19
7.342064214855276e-20
6.781013876845198e-20
6.810445716982113e-19
-3.037964017475916e-19
3.1062159303888295e-20
2.3990143406991756e-19
3.587042641096137e-20
-4.9293486001720185e-20
1.7698723906696235e-19
0.0
0.0
-5.2154297528845305e-19
-3.5482349153961154e-19
-4.879175591938276e-19
-3.413942661924551e-19
8.486360322983745e-19
3.383137952491814e-19
-3.418635708992594e-19
-3.9858368005343767e-19
7.611816682741335e-19
-1.1189127360572884e-19
4.247760875730046e-19
-8.121899993248416e-19
4.3679612880446324e-20
2.692839781293265e-19
1.4581617842277111e-19
-7.223386283503248e-19
5.21916186676828e-19
-2.184427588705018e-19
-1.1418327059993213e-19
0.0
0.0
4.411882968936864e-19
6.128772098733395e-19
6.3404336269201e-20
5.314737581313554e-19
-7.608193219802391e-19
-8.304917746441645e-19
9.34746556979514e-19
-3.711345698126034e-19
-2.6813981944148607e-19
7.149453226668757e-19
-9.067364577723103e-19
4.949050701061178e-19
3.678370301202117e-19
1.3304694572578453e-19
-2.8728526495943583e-19
3.027864998437185e-19
-3.946988428925959e-19
-9.661078732502337e-20
1.1155589922601724e-19
0.0
0.0
-1.5991074274353078e-19
2.934173034883393e-19
3.9197570546022983e-19
-3.491237184526006e-19
6.620904823899218e-19
1.2714942218794453e-19
-6.326390342408913e-19
1.9244622845362159e-19
2.9517778381265205e-19
-5.810143582175864e-19
1.8101289594799554e-19
4.2894210231035146e-20
-5.089536440118782e-19
-2.4788544650019393e-19
2.7436285016348446e-19
-1.3911946509565817e-19
3.0420630554144196e-20
6.3321065848427535e-19
8.884587695798595e-20
0.0
0.0
4.0697754455932745e-19
-1.958912054029822e-19
3.1620280564294197e-19
5.941575398708892e-20
9.138480744668172e-19
-4.0248233148138226e-19
-4.740760125534826e-19
1.0055662302273947e-19
6.242202539747707e-20
-1.4535302884122757e-20
-3.6854185536597157e-19
-5.497404662096306e-19
8.121646461572603e-19
2.1565723541018962e-19
-2.0384753770314245e-19
1.6949821438534836e-19
1.0179527880475823e-19
-5.96004870933179e-19
3.076857332009979e-20
0.0
0.0
5.351476718157654e-19
2.7524090402367766e-19
-1.1287710099789535e-19
-1.7283013475047858e-19
3.6409815462445243e-19
1.6092647022732602e-19
2.685171939516947e-19
6.077059247918272e-19
-1.4171962919674255e-19
3.692993534425712e-19
1.881369795961115e-19
2.6510555463096313e-19
-8.112478911488369e-19
3.760817694700638e-19
-2.5815595902833004e-19
3.832235815103164e-20
-6.459457268664289e-20
9.312236355030209e-20
3.2307619012916917e-19
0.0
0.0
-1.518616388156258e-19
3.703010558462894e-19
-5.3025810950832625e-19
-2.571677576941169e-19
-8.78758921751713e-20
7.084376462747682e-19
1.113002387998315e-19
-1.1544391181125914e-19
-3.259276998811789e-19
9.193980315731923e-20
-3.178248251293262e-20
2.617328835783822e-19
-2.3461189130264855e-19
1.163633662266867e-19
-3.1191482395618347e-19
4.1345691031288325e-20
4.254477195226191e-19
2.2997660617312944e-19
-4.858847802057456e-19
0.0
0.0
8.578429973475847e-19
4.578030773046538e-19
-1.237488984359275e-18
3.0623920408655106e-19
4.579111827805665e-19
4.073225512645405e-20
-1.9883314064579098e-20
3.840782290634881e-19
-3.4669650691125374e-20
-1.9661964779893756e-19
2.5692071311369943e-20
2.3369165050590387e-19
1.713028591593165e-19
-8.60890786631789e-21
2.6734705562467706e-19
-2.594833098124866e-19
-3.2844063133906853e-19
-1.1221471253883884e-19
9.560778174223237e-20
0.0
0.0
4.600340917171761e-20
3.183947231322693e-19
4.350006902451932e-19
3.5160251028706375e-19
-5.585100075701922e-19
8.648024503593225e-20
-4.6138295074506594e-20
-2.8842271210044103e-19
1.4888786573721832e-19
-1.754550980596491e-21
-3.0705982948919967e-20
-3.392555996885649e-20
-1.469870149109405e-19
-2.5211424291617834e-20
-1.455691020828371e-19
1.4554831826317503e-19
4.226428463966279e-19
-2.219218485803305e-19
-2.0061787375315796e-19
0.0
0.0
0.0
0.0
0.0
0.0
0.0
0.0
0.0
0.0
0.0
0.0
0.0
0.0
0.0
0.0
0.0
0.0
0.0
0.0
0.0
0.0
