Numer elementu / Lokalny numer wezla / Globalny numer wezla / (x,y)
(1, 1, 1, (-50.0, -50.0))
(1, 2, 2, (-45.0, -50.0))
(1, 3, 22, (-50.0, -45.0))
(1, 4, 23, (-45.0, -45.0))
(2, 1, 2, (-45.0, -50.0))
(2, 2, 3, (-40.0, -50.0))
(2, 3, 23, (-45.0, -45.0))
(2, 4, 24, (-40.0, -45.0))
(3, 1, 3, (-40.0, -50.0))
(3, 2, 4, (-35.0, -50.0))
(3, 3, 24, (-40.0, -45.0))
(3, 4, 25, (-35.0, -45.0))
(4, 1, 4, (-35.0, -50.0))
(4, 2, 5, (-30.0, -50.0))
(4, 3, 25, (-35.0, -45.0))
(4, 4, 26, (-30.0, -45.0))
(5, 1, 5, (-30.0, -50.0))
(5, 2, 6, (-25.0, -50.0))
(5, 3, 26, (-30.0, -45.0))
(5, 4, 27, (-25.0, -45.0))
(6, 1, 6, (-25.0, -50.0))
(6, 2, 7, (-20.0, -50.0))
(6, 3, 27, (-25.0, -45.0))
(6, 4, 28, (-20.0, -45.0))
(7, 1, 7, (-20.0, -50.0))
(7, 2, 8, (-15.0, -50.0))
(7, 3, 28, (-20.0, -45.0))
(7, 4, 29, (-15.0, -45.0))
(8, 1, 8, (-15.0, -50.0))
(8, 2, 9, (-10.0, -50.0))
(8, 3, 29, (-15.0, -45.0))
(8, 4, 30, (-10.0, -45.0))
(9, 1, 9, (-10.0, -50.0))
(9, 2, 10, (-5.0, -50.0))
(9, 3, 30, (-10.0, -45.0))
(9, 4, 31, (-5.0, -45.0))
(10, 1, 10, (-5.0, -50.0))
(10, 2, 11, (0.0, -50.0))
(10, 3, 31, (-5.0, -45.0))
(10, 4, 32, (0.0, -45.0))
(11, 1, 11, (0.0, -50.0))
(11, 2, 12, (5.0, -50.0))
(11, 3, 32, (0.0, -45.0))
(11, 4, 33, (5.0, -45.0))
(12, 1, 12, (5.0, -50.0))
(12, 2, 13, (10.0, -50.0))
(12, 3, 33, (5.0, -45.0))
(12, 4, 34, (10.0, -45.0))
(13, 1, 13, (10.0, -50.0))
(13, 2, 14, (15.0, -50.0))
(13, 3, 34, (10.0, -45.0))
(13, 4, 35, (15.0, -45.0))
(14, 1, 14, (15.0, -50.0))
(14, 2, 15, (20.0, -50.0))
(14, 3, 35, (15.0, -45.0))
(14, 4, 36, (20.0, -45.0))
(15, 1, 15, (20.0, -50.0))
(15, 2, 16, (25.0, -50.0))
(15, 3, 36, (20.0, -45.0))
(15, 4, 37, (25.0, -45.0))
(16, 1, 16, (25.0, -50.0))
(16, 2, 17, (30.0, -50.0))
(16, 3, 37, (25.0, -45.0))
(16, 4, 38, (30.0, -45.0))
(17, 1, 17, (30.0, -50.0))
(17, 2, 18, (35.0, -50.0))
(17, 3, 38, (30.0, -45.0))
(17, 4, 39, (35.0, -45.0))
(18, 1, 18, (35.0, -50.0))
(18, 2, 19, (40.0, -50.0))
(18, 3, 39, (35.0, -45.0))
(18, 4, 40, (40.0, -45.0))
(19, 1, 19, (40.0, -50.0))
(19, 2, 20, (45.0, -50.0))
(19, 3, 40, (40.0, -45.0))
(19, 4, 41, (45.0, -45.0))
(20, 1, 20, (45.0, -50.0))
(20, 2, 21, (50.0, -50.0))
(20, 3, 41, (45.0, -45.0))
(20, 4, 42, (50.0, -45.0))
(21, 1, 22, (-50.0, -45.0))
(21, 2, 23, (-45.0, -45.0))
(21, 3, 43, (-50.0, -40.0))
(21, 4, 44, (-45.0, -40.0))
(22, 1, 23, (-45.0, -45.0))
(22, 2, 24, (-40.0, -45.0))
(22, 3, 44, (-45.0, -40.0))
(22, 4, 45, (-40.0, -40.0))
(23, 1, 24, (-40.0, -45.0))
(23, 2, 25, (-35.0, -45.0))
(23, 3, 45, (-40.0, -40.0))
(23, 4, 46, (-35.0, -40.0))
(24, 1, 25, (-35.0, -45.0))
(24, 2, 26, (-30.0, -45.0))
(24, 3, 46, (-35.0, -40.0))
(24, 4, 47, (-30.0, -40.0))
(25, 1, 26, (-30.0, -45.0))
(25, 2, 27, (-25.0, -45.0))
(25, 3, 47, (-30.0, -40.0))
(25, 4, 48, (-25.0, -40.0))
(26, 1, 27, (-25.0, -45.0))
(26, 2, 28, (-20.0, -45.0))
(26, 3, 48, (-25.0, -40.0))
(26, 4, 49, (-20.0, -40.0))
(27, 1, 28, (-20.0, -45.0))
(27, 2, 29, (-15.0, -45.0))
(27, 3, 49, (-20.0, -40.0))
(27, 4, 50, (-15.0, -40.0))
(28, 1, 29, (-15.0, -45.0))
(28, 2, 30, (-10.0, -45.0))
(28, 3, 50, (-15.0, -40.0))
(28, 4, 51, (-10.0, -40.0))
(29, 1, 30, (-10.0, -45.0))
(29, 2, 31, (-5.0, -45.0))
(29, 3, 51, (-10.0, -40.0))
(29, 4, 52, (-5.0, -40.0))
(30, 1, 31, (-5.0, -45.0))
(30, 2, 32, (0.0, -45.0))
(30, 3, 52, (-5.0, -40.0))
(30, 4, 53, (0.0, -40.0))
(31, 1, 32, (0.0, -45.0))
(31, 2, 33, (5.0, -45.0))
(31, 3, 53, (0.0, -40.0))
(31, 4, 54, (5.0, -40.0))
(32, 1, 33, (5.0, -45.0))
(32, 2, 34, (10.0, -45.0))
(32, 3, 54, (5.0, -40.0))
(32, 4, 55, (10.0, -40.0))
(33, 1, 34, (10.0, -45.0))
(33, 2, 35, (15.0, -45.0))
(33, 3, 55, (10.0, -40.0))
(33, 4, 56, (15.0, -40.0))
(34, 1, 35, (15.0, -45.0))
(34, 2, 36, (20.0, -45.0))
(34, 3, 56, (15.0, -40.0))
(34, 4, 57, (20.0, -40.0))
(35, 1, 36, (20.0, -45.0))
(35, 2, 37, (25.0, -45.0))
(35, 3, 57, (20.0, -40.0))
(35, 4, 58, (25.0, -40.0))
(36, 1, 37, (25.0, -45.0))
(36, 2, 38, (30.0, -45.0))
(36, 3, 58, (25.0, -40.0))
(36, 4, 59, (30.0, -40.0))
(37, 1, 38, (30.0, -45.0))
(37, 2, 39, (35.0, -45.0))
(37, 3, 59, (30.0, -40.0))
(37, 4, 60, (35.0, -40.0))
(38, 1, 39, (35.0, -45.0))
(38, 2, 40, (40.0, -45.0))
(38, 3, 60, (35.0, -40.0))
(38, 4, 61, (40.0, -40.0))
(39, 1, 40, (40.0, -45.0))
(39, 2, 41, (45.0, -45.0))
(39, 3, 61, (40.0, -40.0))
(39, 4, 62, (45.0, -40.0))
(40, 1, 41, (45.0, -45.0))
(40, 2, 42, (50.0, -45.0))
(40, 3, 62, (45.0, -40.0))
(40, 4, 63, (50.0, -40.0))
(41, 1, 43, (-50.0, -40.0))
(41, 2, 44, (-45.0, -40.0))
(41, 3, 64, (-50.0, -35.0))
(41, 4, 65, (-45.0, -35.0))
(42, 1, 44, (-45.0, -40.0))
(42, 2, 45, (-40.0, -40.0))
(42, 3, 65, (-45.0, -35.0))
(42, 4, 66, (-40.0, -35.0))
(43, 1, 45, (-40.0, -40.0))
(43, 2, 46, (-35.0, -40.0))
(43, 3, 66, (-40.0, -35.0))
(43, 4, 67, (-35.0, -35.0))
(44, 1, 46, (-35.0, -40.0))
(44, 2, 47, (-30.0, -40.0))
(44, 3, 67, (-35.0, -35.0))
(44, 4, 68, (-30.0, -35.0))
(45, 1, 47, (-30.0, -40.0))
(45, 2, 48, (-25.0, -40.0))
(45, 3, 68, (-30.0, -35.0))
(45, 4, 69, (-25.0, -35.0))
(46, 1, 48, (-25.0, -40.0))
(46, 2, 49, (-20.0, -40.0))
(46, 3, 69, (-25.0, -35.0))
(46, 4, 70, (-20.0, -35.0))
(47, 1, 49, (-20.0, -40.0))
(47, 2, 50, (-15.0, -40.0))
(47, 3, 70, (-20.0, -35.0))
(47, 4, 71, (-15.0, -35.0))
(48, 1, 50, (-15.0, -40.0))
(48, 2, 51, (-10.0, -40.0))
(48, 3, 71, (-15.0, -35.0))
(48, 4, 72, (-10.0, -35.0))
(49, 1, 51, (-10.0, -40.0))
(49, 2, 52, (-5.0, -40.0))
(49, 3, 72, (-10.0, -35.0))
(49, 4, 73, (-5.0, -35.0))
(50, 1, 52, (-5.0, -40.0))
(50, 2, 53, (0.0, -40.0))
(50, 3, 73, (-5.0, -35.0))
(50, 4, 74, (0.0, -35.0))
(51, 1, 53, (0.0, -40.0))
(51, 2, 54, (5.0, -40.0))
(51, 3, 74, (0.0, -35.0))
(51, 4, 75, (5.0, -35.0))
(52, 1, 54, (5.0, -40.0))
(52, 2, 55, (10.0, -40.0))
(52, 3, 75, (5.0, -35.0))
(52, 4, 76, (10.0, -35.0))
(53, 1, 55, (10.0, -40.0))
(53, 2, 56, (15.0, -40.0))
(53, 3, 76, (10.0, -35.0))
(53, 4, 77, (15.0, -35.0))
(54, 1, 56, (15.0, -40.0))
(54, 2, 57, (20.0, -40.0))
(54, 3, 77, (15.0, -35.0))
(54, 4, 78, (20.0, -35.0))
(55, 1, 57, (20.0, -40.0))
(55, 2, 58, (25.0, -40.0))
(55, 3, 78, (20.0, -35.0))
(55, 4, 79, (25.0, -35.0))
(56, 1, 58, (25.0, -40.0))
(56, 2, 59, (30.0, -40.0))
(56, 3, 79, (25.0, -35.0))
(56, 4, 80, (30.0, -35.0))
(57, 1, 59, (30.0, -40.0))
(57, 2, 60, (35.0, -40.0))
(57, 3, 80, (30.0, -35.0))
(57, 4, 81, (35.0, -35.0))
(58, 1, 60, (35.0, -40.0))
(58, 2, 61, (40.0, -40.0))
(58, 3, 81, (35.0, -35.0))
(58, 4, 82, (40.0, -35.0))
(59, 1, 61, (40.0, -40.0))
(59, 2, 62, (45.0, -40.0))
(59, 3, 82, (40.0, -35.0))
(59, 4, 83, (45.0, -35.0))
(60, 1, 62, (45.0, -40.0))
(60, 2, 63, (50.0, -40.0))
(60, 3, 83, (45.0, -35.0))
(60, 4, 84, (50.0, -35.0))
(61, 1, 64, (-50.0, -35.0))
(61, 2, 65, (-45.0, -35.0))
(61, 3, 85, (-50.0, -30.0))
(61, 4, 86, (-45.0, -30.0))
(62, 1, 65, (-45.0, -35.0))
(62, 2, 66, (-40.0, -35.0))
(62, 3, 86, (-45.0, -30.0))
(62, 4, 87, (-40.0, -30.0))
(63, 1, 66, (-40.0, -35.0))
(63, 2, 67, (-35.0, -35.0))
(63, 3, 87, (-40.0, -30.0))
(63, 4, 88, (-35.0, -30.0))
(64, 1, 67, (-35.0, -35.0))
(64, 2, 68, (-30.0, -35.0))
(64, 3, 88, (-35.0, -30.0))
(64, 4, 89, (-30.0, -30.0))
(65, 1, 68, (-30.0, -35.0))
(65, 2, 69, (-25.0, -35.0))
(65, 3, 89, (-30.0, -30.0))
(65, 4, 90, (-25.0, -30.0))
(66, 1, 69, (-25.0, -35.0))
(66, 2, 70, (-20.0, -35.0))
(66, 3, 90, (-25.0, -30.0))
(66, 4, 91, (-20.0, -30.0))
(67, 1, 70, (-20.0, -35.0))
(67, 2, 71, (-15.0, -35.0))
(67, 3, 91, (-20.0, -30.0))
(67, 4, 92, (-15.0, -30.0))
(68, 1, 71, (-15.0, -35.0))
(68, 2, 72, (-10.0, -35.0))
(68, 3, 92, (-15.0, -30.0))
(68, 4, 93, (-10.0, -30.0))
(69, 1, 72, (-10.0, -35.0))
(69, 2, 73, (-5.0, -35.0))
(69, 3, 93, (-10.0, -30.0))
(69, 4, 94, (-5.0, -30.0))
(70, 1, 73, (-5.0, -35.0))
(70, 2, 74, (0.0, -35.0))
(70, 3, 94, (-5.0, -30.0))
(70, 4, 95, (0.0, -30.0))
(71, 1, 74, (0.0, -35.0))
(71, 2, 75, (5.0, -35.0))
(71, 3, 95, (0.0, -30.0))
(71, 4, 96, (5.0, -30.0))
(72, 1, 75, (5.0, -35.0))
(72, 2, 76, (10.0, -35.0))
(72, 3, 96, (5.0, -30.0))
(72, 4, 97, (10.0, -30.0))
(73, 1, 76, (10.0, -35.0))
(73, 2, 77, (15.0, -35.0))
(73, 3, 97, (10.0, -30.0))
(73, 4, 98, (15.0, -30.0))
(74, 1, 77, (15.0, -35.0))
(74, 2, 78, (20.0, -35.0))
(74, 3, 98, (15.0, -30.0))
(74, 4, 99, (20.0, -30.0))
(75, 1, 78, (20.0, -35.0))
(75, 2, 79, (25.0, -35.0))
(75, 3, 99, (20.0, -30.0))
(75, 4, 100, (25.0, -30.0))
(76, 1, 79, (25.0, -35.0))
(76, 2, 80, (30.0, -35.0))
(76, 3, 100, (25.0, -30.0))
(76, 4, 101, (30.0, -30.0))
(77, 1, 80, (30.0, -35.0))
(77, 2, 81, (35.0, -35.0))
(77, 3, 101, (30.0, -30.0))
(77, 4, 102, (35.0, -30.0))
(78, 1, 81, (35.0, -35.0))
(78, 2, 82, (40.0, -35.0))
(78, 3, 102, (35.0, -30.0))
(78, 4, 103, (40.0, -30.0))
(79, 1, 82, (40.0, -35.0))
(79, 2, 83, (45.0, -35.0))
(79, 3, 103, (40.0, -30.0))
(79, 4, 104, (45.0, -30.0))
(80, 1, 83, (45.0, -35.0))
(80, 2, 84, (50.0, -35.0))
(80, 3, 104, (45.0, -30.0))
(80, 4, 105, (50.0, -30.0))
(81, 1, 85, (-50.0, -30.0))
(81, 2, 86, (-45.0, -30.0))
(81, 3, 106, (-50.0, -25.0))
(81, 4, 107, (-45.0, -25.0))
(82, 1, 86, (-45.0, -30.0))
(82, 2, 87, (-40.0, -30.0))
(82, 3, 107, (-45.0, -25.0))
(82, 4, 108, (-40.0, -25.0))
(83, 1, 87, (-40.0, -30.0))
(83, 2, 88, (-35.0, -30.0))
(83, 3, 108, (-40.0, -25.0))
(83, 4, 109, (-35.0, -25.0))
(84, 1, 88, (-35.0, -30.0))
(84, 2, 89, (-30.0, -30.0))
(84, 3, 109, (-35.0, -25.0))
(84, 4, 110, (-30.0, -25.0))
(85, 1, 89, (-30.0, -30.0))
(85, 2, 90, (-25.0, -30.0))
(85, 3, 110, (-30.0, -25.0))
(85, 4, 111, (-25.0, -25.0))
(86, 1, 90, (-25.0, -30.0))
(86, 2, 91, (-20.0, -30.0))
(86, 3, 111, (-25.0, -25.0))
(86, 4, 112, (-20.0, -25.0))
(87, 1, 91, (-20.0, -30.0))
(87, 2, 92, (-15.0, -30.0))
(87, 3, 112, (-20.0, -25.0))
(87, 4, 113, (-15.0, -25.0))
(88, 1, 92, (-15.0, -30.0))
(88, 2, 93, (-10.0, -30.0))
(88, 3, 113, (-15.0, -25.0))
(88, 4, 114, (-10.0, -25.0))
(89, 1, 93, (-10.0, -30.0))
(89, 2, 94, (-5.0, -30.0))
(89, 3, 114, (-10.0, -25.0))
(89, 4, 115, (-5.0, -25.0))
(90, 1, 94, (-5.0, -30.0))
(90, 2, 95, (0.0, -30.0))
(90, 3, 115, (-5.0, -25.0))
(90, 4, 116, (0.0, -25.0))
(91, 1, 95, (0.0, -30.0))
(91, 2, 96, (5.0, -30.0))
(91, 3, 116, (0.0, -25.0))
(91, 4, 117, (5.0, -25.0))
(92, 1, 96, (5.0, -30.0))
(92, 2, 97, (10.0, -30.0))
(92, 3, 117, (5.0, -25.0))
(92, 4, 118, (10.0, -25.0))
(93, 1, 97, (10.0, -30.0))
(93, 2, 98, (15.0, -30.0))
(93, 3, 118, (10.0, -25.0))
(93, 4, 119, (15.0, -25.0))
(94, 1, 98, (15.0, -30.0))
(94, 2, 99, (20.0, -30.0))
(94, 3, 119, (15.0, -25.0))
(94, 4, 120, (20.0, -25.0))
(95, 1, 99, (20.0, -30.0))
(95, 2, 100, (25.0, -30.0))
(95, 3, 120, (20.0, -25.0))
(95, 4, 121, (25.0, -25.0))
(96, 1, 100, (25.0, -30.0))
(96, 2, 101, (30.0, -30.0))
(96, 3, 121, (25.0, -25.0))
(96, 4, 122, (30.0, -25.0))
(97, 1, 101, (30.0, -30.0))
(97, 2, 102, (35.0, -30.0))
(97, 3, 122, (30.0, -25.0))
(97, 4, 123, (35.0, -25.0))
(98, 1, 102, (35.0, -30.0))
(98, 2, 103, (40.0, -30.0))
(98, 3, 123, (35.0, -25.0))
(98, 4, 124, (40.0, -25.0))
(99, 1, 103, (40.0, -30.0))
(99, 2, 104, (45.0, -30.0))
(99, 3, 124, (40.0, -25.0))
(99, 4, 125, (45.0, -25.0))
(100, 1, 104, (45.0, -30.0))
(100, 2, 105, (50.0, -30.0))
(100, 3, 125, (45.0, -25.0))
(100, 4, 126, (50.0, -25.0))
(101, 1, 106, (-50.0, -25.0))
(101, 2, 107, (-45.0, -25.0))
(101, 3, 127, (-50.0, -20.0))
(101, 4, 128, (-45.0, -20.0))
(102, 1, 107, (-45.0, -25.0))
(102, 2, 108, (-40.0, -25.0))
(102, 3, 128, (-45.0, -20.0))
(102, 4, 129, (-40.0, -20.0))
(103, 1, 108, (-40.0, -25.0))
(103, 2, 109, (-35.0, -25.0))
(103, 3, 129, (-40.0, -20.0))
(103, 4, 130, (-35.0, -20.0))
(104, 1, 109, (-35.0, -25.0))
(104, 2, 110, (-30.0, -25.0))
(104, 3, 130, (-35.0, -20.0))
(104, 4, 131, (-30.0, -20.0))
(105, 1, 110, (-30.0, -25.0))
(105, 2, 111, (-25.0, -25.0))
(105, 3, 131, (-30.0, -20.0))
(105, 4, 132, (-25.0, -20.0))
(106, 1, 111, (-25.0, -25.0))
(106, 2, 112, (-20.0, -25.0))
(106, 3, 132, (-25.0, -20.0))
(106, 4, 133, (-20.0, -20.0))
(107, 1, 112, (-20.0, -25.0))
(107, 2, 113, (-15.0, -25.0))
(107, 3, 133, (-20.0, -20.0))
(107, 4, 134, (-15.0, -20.0))
(108, 1, 113, (-15.0, -25.0))
(108, 2, 114, (-10.0, -25.0))
(108, 3, 134, (-15.0, -20.0))
(108, 4, 135, (-10.0, -20.0))
(109, 1, 114, (-10.0, -25.0))
(109, 2, 115, (-5.0, -25.0))
(109, 3, 135, (-10.0, -20.0))
(109, 4, 136, (-5.0, -20.0))
(110, 1, 115, (-5.0, -25.0))
(110, 2, 116, (0.0, -25.0))
(110, 3, 136, (-5.0, -20.0))
(110, 4, 137, (0.0, -20.0))
(111, 1, 116, (0.0, -25.0))
(111, 2, 117, (5.0, -25.0))
(111, 3, 137, (0.0, -20.0))
(111, 4, 138, (5.0, -20.0))
(112, 1, 117, (5.0, -25.0))
(112, 2, 118, (10.0, -25.0))
(112, 3, 138, (5.0, -20.0))
(112, 4, 139, (10.0, -20.0))
(113, 1, 118, (10.0, -25.0))
(113, 2, 119, (15.0, -25.0))
(113, 3, 139, (10.0, -20.0))
(113, 4, 140, (15.0, -20.0))
(114, 1, 119, (15.0, -25.0))
(114, 2, 120, (20.0, -25.0))
(114, 3, 140, (15.0, -20.0))
(114, 4, 141, (20.0, -20.0))
(115, 1, 120, (20.0, -25.0))
(115, 2, 121, (25.0, -25.0))
(115, 3, 141, (20.0, -20.0))
(115, 4, 142, (25.0, -20.0))
(116, 1, 121, (25.0, -25.0))
(116, 2, 122, (30.0, -25.0))
(116, 3, 142, (25.0, -20.0))
(116, 4, 143, (30.0, -20.0))
(117, 1, 122, (30.0, -25.0))
(117, 2, 123, (35.0, -25.0))
(117, 3, 143, (30.0, -20.0))
(117, 4, 144, (35.0, -20.0))
(118, 1, 123, (35.0, -25.0))
(118, 2, 124, (40.0, -25.0))
(118, 3, 144, (35.0, -20.0))
(118, 4, 145, (40.0, -20.0))
(119, 1, 124, (40.0, -25.0))
(119, 2, 125, (45.0, -25.0))
(119, 3, 145, (40.0, -20.0))
(119, 4, 146, (45.0, -20.0))
(120, 1, 125, (45.0, -25.0))
(120, 2, 126, (50.0, -25.0))
(120, 3, 146, (45.0, -20.0))
(120, 4, 147, (50.0, -20.0))
(121, 1, 127, (-50.0, -20.0))
(121, 2, 128, (-45.0, -20.0))
(121, 3, 148, (-50.0, -15.0))
(121, 4, 149, (-45.0, -15.0))
(122, 1, 128, (-45.0, -20.0))
(122, 2, 129, (-40.0, -20.0))
(122, 3, 149, (-45.0, -15.0))
(122, 4, 150, (-40.0, -15.0))
(123, 1, 129, (-40.0, -20.0))
(123, 2, 130, (-35.0, -20.0))
(123, 3, 150, (-40.0, -15.0))
(123, 4, 151, (-35.0, -15.0))
(124, 1, 130, (-35.0, -20.0))
(124, 2, 131, (-30.0, -20.0))
(124, 3, 151, (-35.0, -15.0))
(124, 4, 152, (-30.0, -15.0))
(125, 1, 131, (-30.0, -20.0))
(125, 2, 132, (-25.0, -20.0))
(125, 3, 152, (-30.0, -15.0))
(125, 4, 153, (-25.0, -15.0))
(126, 1, 132, (-25.0, -20.0))
(126, 2, 133, (-20.0, -20.0))
(126, 3, 153, (-25.0, -15.0))
(126, 4, 154, (-20.0, -15.0))
(127, 1, 133, (-20.0, -20.0))
(127, 2, 134, (-15.0, -20.0))
(127, 3, 154, (-20.0, -15.0))
(127, 4, 155, (-15.0, -15.0))
(128, 1, 134, (-15.0, -20.0))
(128, 2, 135, (-10.0, -20.0))
(128, 3, 155, (-15.0, -15.0))
(128, 4, 156, (-10.0, -15.0))
(129, 1, 135, (-10.0, -20.0))
(129, 2, 136, (-5.0, -20.0))
(129, 3, 156, (-10.0, -15.0))
(129, 4, 157, (-5.0, -15.0))
(130, 1, 136, (-5.0, -20.0))
(130, 2, 137, (0.0, -20.0))
(130, 3, 157, (-5.0, -15.0))
(130, 4, 158, (0.0, -15.0))
(131, 1, 137, (0.0, -20.0))
(131, 2, 138, (5.0, -20.0))
(131, 3, 158, (0.0, -15.0))
(131, 4, 159, (5.0, -15.0))
(132, 1, 138, (5.0, -20.0))
(132, 2, 139, (10.0, -20.0))
(132, 3, 159, (5.0, -15.0))
(132, 4, 160, (10.0, -15.0))
(133, 1, 139, (10.0, -20.0))
(133, 2, 140, (15.0, -20.0))
(133, 3, 160, (10.0, -15.0))
(133, 4, 161, (15.0, -15.0))
(134, 1, 140, (15.0, -20.0))
(134, 2, 141, (20.0, -20.0))
(134, 3, 161, (15.0, -15.0))
(134, 4, 162, (20.0, -15.0))
(135, 1, 141, (20.0, -20.0))
(135, 2, 142, (25.0, -20.0))
(135, 3, 162, (20.0, -15.0))
(135, 4, 163, (25.0, -15.0))
(136, 1, 142, (25.0, -20.0))
(136, 2, 143, (30.0, -20.0))
(136, 3, 163, (25.0, -15.0))
(136, 4, 164, (30.0, -15.0))
(137, 1, 143, (30.0, -20.0))
(137, 2, 144, (35.0, -20.0))
(137, 3, 164, (30.0, -15.0))
(137, 4, 165, (35.0, -15.0))
(138, 1, 144, (35.0, -20.0))
(138, 2, 145, (40.0, -20.0))
(138, 3, 165, (35.0, -15.0))
(138, 4, 166, (40.0, -15.0))
(139, 1, 145, (40.0, -20.0))
(139, 2, 146, (45.0, -20.0))
(139, 3, 166, (40.0, -15.0))
(139, 4, 167, (45.0, -15.0))
(140, 1, 146, (45.0, -20.0))
(140, 2, 147, (50.0, -20.0))
(140, 3, 167, (45.0, -15.0))
(140, 4, 168, (50.0, -15.0))
(141, 1, 148, (-50.0, -15.0))
(141, 2, 149, (-45.0, -15.0))
(141, 3, 169, (-50.0, -10.0))
(141, 4, 170, (-45.0, -10.0))
(142, 1, 149, (-45.0, -15.0))
(142, 2, 150, (-40.0, -15.0))
(142, 3, 170, (-45.0, -10.0))
(142, 4, 171, (-40.0, -10.0))
(143, 1, 150, (-40.0, -15.0))
(143, 2, 151, (-35.0, -15.0))
(143, 3, 171, (-40.0, -10.0))
(143, 4, 172, (-35.0, -10.0))
(144, 1, 151, (-35.0, -15.0))
(144, 2, 152, (-30.0, -15.0))
(144, 3, 172, (-35.0, -10.0))
(144, 4, 173, (-30.0, -10.0))
(145, 1, 152, (-30.0, -15.0))
(145, 2, 153, (-25.0, -15.0))
(145, 3, 173, (-30.0, -10.0))
(145, 4, 174, (-25.0, -10.0))
(146, 1, 153, (-25.0, -15.0))
(146, 2, 154, (-20.0, -15.0))
(146, 3, 174, (-25.0, -10.0))
(146, 4, 175, (-20.0, -10.0))
(147, 1, 154, (-20.0, -15.0))
(147, 2, 155, (-15.0, -15.0))
(147, 3, 175, (-20.0, -10.0))
(147, 4, 176, (-15.0, -10.0))
(148, 1, 155, (-15.0, -15.0))
(148, 2, 156, (-10.0, -15.0))
(148, 3, 176, (-15.0, -10.0))
(148, 4, 177, (-10.0, -10.0))
(149, 1, 156, (-10.0, -15.0))
(149, 2, 157, (-5.0, -15.0))
(149, 3, 177, (-10.0, -10.0))
(149, 4, 178, (-5.0, -10.0))
(150, 1, 157, (-5.0, -15.0))
(150, 2, 158, (0.0, -15.0))
(150, 3, 178, (-5.0, -10.0))
(150, 4, 179, (0.0, -10.0))
(151, 1, 158, (0.0, -15.0))
(151, 2, 159, (5.0, -15.0))
(151, 3, 179, (0.0, -10.0))
(151, 4, 180, (5.0, -10.0))
(152, 1, 159, (5.0, -15.0))
(152, 2, 160, (10.0, -15.0))
(152, 3, 180, (5.0, -10.0))
(152, 4, 181, (10.0, -10.0))
(153, 1, 160, (10.0, -15.0))
(153, 2, 161, (15.0, -15.0))
(153, 3, 181, (10.0, -10.0))
(153, 4, 182, (15.0, -10.0))
(154, 1, 161, (15.0, -15.0))
(154, 2, 162, (20.0, -15.0))
(154, 3, 182, (15.0, -10.0))
(154, 4, 183, (20.0, -10.0))
(155, 1, 162, (20.0, -15.0))
(155, 2, 163, (25.0, -15.0))
(155, 3, 183, (20.0, -10.0))
(155, 4, 184, (25.0, -10.0))
(156, 1, 163, (25.0, -15.0))
(156, 2, 164, (30.0, -15.0))
(156, 3, 184, (25.0, -10.0))
(156, 4, 185, (30.0, -10.0))
(157, 1, 164, (30.0, -15.0))
(157, 2, 165, (35.0, -15.0))
(157, 3, 185, (30.0, -10.0))
(157, 4, 186, (35.0, -10.0))
(158, 1, 165, (35.0, -15.0))
(158, 2, 166, (40.0, -15.0))
(158, 3, 186, (35.0, -10.0))
(158, 4, 187, (40.0, -10.0))
(159, 1, 166, (40.0, -15.0))
(159, 2, 167, (45.0, -15.0))
(159, 3, 187, (40.0, -10.0))
(159, 4, 188, (45.0, -10.0))
(160, 1, 167, (45.0, -15.0))
(160, 2, 168, (50.0, -15.0))
(160, 3, 188, (45.0, -10.0))
(160, 4, 189, (50.0, -10.0))
(161, 1, 169, (-50.0, -10.0))
(161, 2, 170, (-45.0, -10.0))
(161, 3, 190, (-50.0, -5.0))
(161, 4, 191, (-45.0, -5.0))
(162, 1, 170, (-45.0, -10.0))
(162, 2, 171, (-40.0, -10.0))
(162, 3, 191, (-45.0, -5.0))
(162, 4, 192, (-40.0, -5.0))
(163, 1, 171, (-40.0, -10.0))
(163, 2, 172, (-35.0, -10.0))
(163, 3, 192, (-40.0, -5.0))
(163, 4, 193, (-35.0, -5.0))
(164, 1, 172, (-35.0, -10.0))
(164, 2, 173, (-30.0, -10.0))
(164, 3, 193, (-35.0, -5.0))
(164, 4, 194, (-30.0, -5.0))
(165, 1, 173, (-30.0, -10.0))
(165, 2, 174, (-25.0, -10.0))
(165, 3, 194, (-30.0, -5.0))
(165, 4, 195, (-25.0, -5.0))
(166, 1, 174, (-25.0, -10.0))
(166, 2, 175, (-20.0, -10.0))
(166, 3, 195, (-25.0, -5.0))
(166, 4, 196, (-20.0, -5.0))
(167, 1, 175, (-20.0, -10.0))
(167, 2, 176, (-15.0, -10.0))
(167, 3, 196, (-20.0, -5.0))
(167, 4, 197, (-15.0, -5.0))
(168, 1, 176, (-15.0, -10.0))
(168, 2, 177, (-10.0, -10.0))
(168, 3, 197, (-15.0, -5.0))
(168, 4, 198, (-10.0, -5.0))
(169, 1, 177, (-10.0, -10.0))
(169, 2, 178, (-5.0, -10.0))
(169, 3, 198, (-10.0, -5.0))
(169, 4, 199, (-5.0, -5.0))
(170, 1, 178, (-5.0, -10.0))
(170, 2, 179, (0.0, -10.0))
(170, 3, 199, (-5.0, -5.0))
(170, 4, 200, (0.0, -5.0))
(171, 1, 179, (0.0, -10.0))
(171, 2, 180, (5.0, -10.0))
(171, 3, 200, (0.0, -5.0))
(171, 4, 201, (5.0, -5.0))
(172, 1, 180, (5.0, -10.0))
(172, 2, 181, (10.0, -10.0))
(172, 3, 201, (5.0, -5.0))
(172, 4, 202, (10.0, -5.0))
(173, 1, 181, (10.0, -10.0))
(173, 2, 182, (15.0, -10.0))
(173, 3, 202, (10.0, -5.0))
(173, 4, 203, (15.0, -5.0))
(174, 1, 182, (15.0, -10.0))
(174, 2, 183, (20.0, -10.0))
(174, 3, 203, (15.0, -5.0))
(174, 4, 204, (20.0, -5.0))
(175, 1, 183, (20.0, -10.0))
(175, 2, 184, (25.0, -10.0))
(175, 3, 204, (20.0, -5.0))
(175, 4, 205, (25.0, -5.0))
(176, 1, 184, (25.0, -10.0))
(176, 2, 185, (30.0, -10.0))
(176, 3, 205, (25.0, -5.0))
(176, 4, 206, (30.0, -5.0))
(177, 1, 185, (30.0, -10.0))
(177, 2, 186, (35.0, -10.0))
(177, 3, 206, (30.0, -5.0))
(177, 4, 207, (35.0, -5.0))
(178, 1, 186, (35.0, -10.0))
(178, 2, 187, (40.0, -10.0))
(178, 3, 207, (35.0, -5.0))
(178, 4, 208, (40.0, -5.0))
(179, 1, 187, (40.0, -10.0))
(179, 2, 188, (45.0, -10.0))
(179, 3, 208, (40.0, -5.0))
(179, 4, 209, (45.0, -5.0))
(180, 1, 188, (45.0, -10.0))
(180, 2, 189, (50.0, -10.0))
(180, 3, 209, (45.0, -5.0))
(180, 4, 210, (50.0, -5.0))
(181, 1, 190, (-50.0, -5.0))
(181, 2, 191, (-45.0, -5.0))
(181, 3, 211, (-50.0, 0.0))
(181, 4, 212, (-45.0, 0.0))
(182, 1, 191, (-45.0, -5.0))
(182, 2, 192, (-40.0, -5.0))
(182, 3, 212, (-45.0, 0.0))
(182, 4, 213, (-40.0, 0.0))
(183, 1, 192, (-40.0, -5.0))
(183, 2, 193, (-35.0, -5.0))
(183, 3, 213, (-40.0, 0.0))
(183, 4, 214, (-35.0, 0.0))
(184, 1, 193, (-35.0, -5.0))
(184, 2, 194, (-30.0, -5.0))
(184, 3, 214, (-35.0, 0.0))
(184, 4, 215, (-30.0, 0.0))
(185, 1, 194, (-30.0, -5.0))
(185, 2, 195, (-25.0, -5.0))
(185, 3, 215, (-30.0, 0.0))
(185, 4, 216, (-25.0, 0.0))
(186, 1, 195, (-25.0, -5.0))
(186, 2, 196, (-20.0, -5.0))
(186, 3, 216, (-25.0, 0.0))
(186, 4, 217, (-20.0, 0.0))
(187, 1, 196, (-20.0, -5.0))
(187, 2, 197, (-15.0, -5.0))
(187, 3, 217, (-20.0, 0.0))
(187, 4, 218, (-15.0, 0.0))
(188, 1, 197, (-15.0, -5.0))
(188, 2, 198, (-10.0, -5.0))
(188, 3, 218, (-15.0, 0.0))
(188, 4, 219, (-10.0, 0.0))
(189, 1, 198, (-10.0, -5.0))
(189, 2, 199, (-5.0, -5.0))
(189, 3, 219, (-10.0, 0.0))
(189, 4, 220, (-5.0, 0.0))
(190, 1, 199, (-5.0, -5.0))
(190, 2, 200, (0.0, -5.0))
(190, 3, 220, (-5.0, 0.0))
(190, 4, 221, (0.0, 0.0))
(191, 1, 200, (0.0, -5.0))
(191, 2, 201, (5.0, -5.0))
(191, 3, 221, (0.0, 0.0))
(191, 4, 222, (5.0, 0.0))
(192, 1, 201, (5.0, -5.0))
(192, 2, 202, (10.0, -5.0))
(192, 3, 222, (5.0, 0.0))
(192, 4, 223, (10.0, 0.0))
(193, 1, 202, (10.0, -5.0))
(193, 2, 203, (15.0, -5.0))
(193, 3, 223, (10.0, 0.0))
(193, 4, 224, (15.0, 0.0))
(194, 1, 203, (15.0, -5.0))
(194, 2, 204, (20.0, -5.0))
(194, 3, 224, (15.0, 0.0))
(194, 4, 225, (20.0, 0.0))
(195, 1, 204, (20.0, -5.0))
(195, 2, 205, (25.0, -5.0))
(195, 3, 225, (20.0, 0.0))
(195, 4, 226, (25.0, 0.0))
(196, 1, 205, (25.0, -5.0))
(196, 2, 206, (30.0, -5.0))
(196, 3, 226, (25.0, 0.0))
(196, 4, 227, (30.0, 0.0))
(197, 1, 206, (30.0, -5.0))
(197, 2, 207, (35.0, -5.0))
(197, 3, 227, (30.0, 0.0))
(197, 4, 228, (35.0, 0.0))
(198, 1, 207, (35.0, -5.0))
(198, 2, 208, (40.0, -5.0))
(198, 3, 228, (35.0, 0.0))
(198, 4, 229, (40.0, 0.0))
(199, 1, 208, (40.0, -5.0))
(199, 2, 209, (45.0, -5.0))
(199, 3, 229, (40.0, 0.0))
(199, 4, 230, (45.0, 0.0))
(200, 1, 209, (45.0, -5.0))
(200, 2, 210, (50.0, -5.0))
(200, 3, 230, (45.0, 0.0))
(200, 4, 231, (50.0, 0.0))
(201, 1, 211, (-50.0, 0.0))
(201, 2, 212, (-45.0, 0.0))
(201, 3, 232, (-50.0, 5.0))
(201, 4, 233, (-45.0, 5.0))
(202, 1, 212, (-45.0, 0.0))
(202, 2, 213, (-40.0, 0.0))
(202, 3, 233, (-45.0, 5.0))
(202, 4, 234, (-40.0, 5.0))
(203, 1, 213, (-40.0, 0.0))
(203, 2, 214, (-35.0, 0.0))
(203, 3, 234, (-40.0, 5.0))
(203, 4, 235, (-35.0, 5.0))
(204, 1, 214, (-35.0, 0.0))
(204, 2, 215, (-30.0, 0.0))
(204, 3, 235, (-35.0, 5.0))
(204, 4, 236, (-30.0, 5.0))
(205, 1, 215, (-30.0, 0.0))
(205, 2, 216, (-25.0, 0.0))
(205, 3, 236, (-30.0, 5.0))
(205, 4, 237, (-25.0, 5.0))
(206, 1, 216, (-25.0, 0.0))
(206, 2, 217, (-20.0, 0.0))
(206, 3, 237, (-25.0, 5.0))
(206, 4, 238, (-20.0, 5.0))
(207, 1, 217, (-20.0, 0.0))
(207, 2, 218, (-15.0, 0.0))
(207, 3, 238, (-20.0, 5.0))
(207, 4, 239, (-15.0, 5.0))
(208, 1, 218, (-15.0, 0.0))
(208, 2, 219, (-10.0, 0.0))
(208, 3, 239, (-15.0, 5.0))
(208, 4, 240, (-10.0, 5.0))
(209, 1, 219, (-10.0, 0.0))
(209, 2, 220, (-5.0, 0.0))
(209, 3, 240, (-10.0, 5.0))
(209, 4, 241, (-5.0, 5.0))
(210, 1, 220, (-5.0, 0.0))
(210, 2, 221, (0.0, 0.0))
(210, 3, 241, (-5.0, 5.0))
(210, 4, 242, (0.0, 5.0))
(211, 1, 221, (0.0, 0.0))
(211, 2, 222, (5.0, 0.0))
(211, 3, 242, (0.0, 5.0))
(211, 4, 243, (5.0, 5.0))
(212, 1, 222, (5.0, 0.0))
(212, 2, 223, (10.0, 0.0))
(212, 3, 243, (5.0, 5.0))
(212, 4, 244, (10.0, 5.0))
(213, 1, 223, (10.0, 0.0))
(213, 2, 224, (15.0, 0.0))
(213, 3, 244, (10.0, 5.0))
(213, 4, 245, (15.0, 5.0))
(214, 1, 224, (15.0, 0.0))
(214, 2, 225, (20.0, 0.0))
(214, 3, 245, (15.0, 5.0))
(214, 4, 246, (20.0, 5.0))
(215, 1, 225, (20.0, 0.0))
(215, 2, 226, (25.0, 0.0))
(215, 3, 246, (20.0, 5.0))
(215, 4, 247, (25.0, 5.0))
(216, 1, 226, (25.0, 0.0))
(216, 2, 227, (30.0, 0.0))
(216, 3, 247, (25.0, 5.0))
(216, 4, 248, (30.0, 5.0))
(217, 1, 227, (30.0, 0.0))
(217, 2, 228, (35.0, 0.0))
(217, 3, 248, (30.0, 5.0))
(217, 4, 249, (35.0, 5.0))
(218, 1, 228, (35.0, 0.0))
(218, 2, 229, (40.0, 0.0))
(218, 3, 249, (35.0, 5.0))
(218, 4, 250, (40.0, 5.0))
(219, 1, 229, (40.0, 0.0))
(219, 2, 230, (45.0, 0.0))
(219, 3, 250, (40.0, 5.0))
(219, 4, 251, (45.0, 5.0))
(220, 1, 230, (45.0, 0.0))
(220, 2, 231, (50.0, 0.0))
(220, 3, 251, (45.0, 5.0))
(220, 4, 252, (50.0, 5.0))
(221, 1, 232, (-50.0, 5.0))
(221, 2, 233, (-45.0, 5.0))
(221, 3, 253, (-50.0, 10.0))
(221, 4, 254, (-45.0, 10.0))
(222, 1, 233, (-45.0, 5.0))
(222, 2, 234, (-40.0, 5.0))
(222, 3, 254, (-45.0, 10.0))
(222, 4, 255, (-40.0, 10.0))
(223, 1, 234, (-40.0, 5.0))
(223, 2, 235, (-35.0, 5.0))
(223, 3, 255, (-40.0, 10.0))
(223, 4, 256, (-35.0, 10.0))
(224, 1, 235, (-35.0, 5.0))
(224, 2, 236, (-30.0, 5.0))
(224, 3, 256, (-35.0, 10.0))
(224, 4, 257, (-30.0, 10.0))
(225, 1, 236, (-30.0, 5.0))
(225, 2, 237, (-25.0, 5.0))
(225, 3, 257, (-30.0, 10.0))
(225, 4, 258, (-25.0, 10.0))
(226, 1, 237, (-25.0, 5.0))
(226, 2, 238, (-20.0, 5.0))
(226, 3, 258, (-25.0, 10.0))
(226, 4, 259, (-20.0, 10.0))
(227, 1, 238, (-20.0, 5.0))
(227, 2, 239, (-15.0, 5.0))
(227, 3, 259, (-20.0, 10.0))
(227, 4, 260, (-15.0, 10.0))
(228, 1, 239, (-15.0, 5.0))
(228, 2, 240, (-10.0, 5.0))
(228, 3, 260, (-15.0, 10.0))
(228, 4, 261, (-10.0, 10.0))
(229, 1, 240, (-10.0, 5.0))
(229, 2, 241, (-5.0, 5.0))
(229, 3, 261, (-10.0, 10.0))
(229, 4, 262, (-5.0, 10.0))
(230, 1, 241, (-5.0, 5.0))
(230, 2, 242, (0.0, 5.0))
(230, 3, 262, (-5.0, 10.0))
(230, 4, 263, (0.0, 10.0))
(231, 1, 242, (0.0, 5.0))
(231, 2, 243, (5.0, 5.0))
(231, 3, 263, (0.0, 10.0))
(231, 4, 264, (5.0, 10.0))
(232, 1, 243, (5.0, 5.0))
(232, 2, 244, (10.0, 5.0))
(232, 3, 264, (5.0, 10.0))
(232, 4, 265, (10.0, 10.0))
(233, 1, 244, (10.0, 5.0))
(233, 2, 245, (15.0, 5.0))
(233, 3, 265, (10.0, 10.0))
(233, 4, 266, (15.0, 10.0))
(234, 1, 245, (15.0, 5.0))
(234, 2, 246, (20.0, 5.0))
(234, 3, 266, (15.0, 10.0))
(234, 4, 267, (20.0, 10.0))
(235, 1, 246, (20.0, 5.0))
(235, 2, 247, (25.0, 5.0))
(235, 3, 267, (20.0, 10.0))
(235, 4, 268, (25.0, 10.0))
(236, 1, 247, (25.0, 5.0))
(236, 2, 248, (30.0, 5.0))
(236, 3, 268, (25.0, 10.0))
(236, 4, 269, (30.0, 10.0))
(237, 1, 248, (30.0, 5.0))
(237, 2, 249, (35.0, 5.0))
(237, 3, 269, (30.0, 10.0))
(237, 4, 270, (35.0, 10.0))
(238, 1, 249, (35.0, 5.0))
(238, 2, 250, (40.0, 5.0))
(238, 3, 270, (35.0, 10.0))
(238, 4, 271, (40.0, 10.0))
(239, 1, 250, (40.0, 5.0))
(239, 2, 251, (45.0, 5.0))
(239, 3, 271, (40.0, 10.0))
(239, 4, 272, (45.0, 10.0))
(240, 1, 251, (45.0, 5.0))
(240, 2, 252, (50.0, 5.0))
(240, 3, 272, (45.0, 10.0))
(240, 4, 273, (50.0, 10.0))
(241, 1, 253, (-50.0, 10.0))
(241, 2, 254, (-45.0, 10.0))
(241, 3, 274, (-50.0, 15.0))
(241, 4, 275, (-45.0, 15.0))
(242, 1, 254, (-45.0, 10.0))
(242, 2, 255, (-40.0, 10.0))
(242, 3, 275, (-45.0, 15.0))
(242, 4, 276, (-40.0, 15.0))
(243, 1, 255, (-40.0, 10.0))
(243, 2, 256, (-35.0, 10.0))
(243, 3, 276, (-40.0, 15.0))
(243, 4, 277, (-35.0, 15.0))
(244, 1, 256, (-35.0, 10.0))
(244, 2, 257, (-30.0, 10.0))
(244, 3, 277, (-35.0, 15.0))
(244, 4, 278, (-30.0, 15.0))
(245, 1, 257, (-30.0, 10.0))
(245, 2, 258, (-25.0, 10.0))
(245, 3, 278, (-30.0, 15.0))
(245, 4, 279, (-25.0, 15.0))
(246, 1, 258, (-25.0, 10.0))
(246, 2, 259, (-20.0, 10.0))
(246, 3, 279, (-25.0, 15.0))
(246, 4, 280, (-20.0, 15.0))
(247, 1, 259, (-20.0, 10.0))
(247, 2, 260, (-15.0, 10.0))
(247, 3, 280, (-20.0, 15.0))
(247, 4, 281, (-15.0, 15.0))
(248, 1, 260, (-15.0, 10.0))
(248, 2, 261, (-10.0, 10.0))
(248, 3, 281, (-15.0, 15.0))
(248, 4, 282, (-10.0, 15.0))
(249, 1, 261, (-10.0, 10.0))
(249, 2, 262, (-5.0, 10.0))
(249, 3, 282, (-10.0, 15.0))
(249, 4, 283, (-5.0, 15.0))
(250, 1, 262, (-5.0, 10.0))
(250, 2, 263, (0.0, 10.0))
(250, 3, 283, (-5.0, 15.0))
(250, 4, 284, (0.0, 15.0))
(251, 1, 263, (0.0, 10.0))
(251, 2, 264, (5.0, 10.0))
(251, 3, 284, (0.0, 15.0))
(251, 4, 285, (5.0, 15.0))
(252, 1, 264, (5.0, 10.0))
(252, 2, 265, (10.0, 10.0))
(252, 3, 285, (5.0, 15.0))
(252, 4, 286, (10.0, 15.0))
(253, 1, 265, (10.0, 10.0))
(253, 2, 266, (15.0, 10.0))
(253, 3, 286, (10.0, 15.0))
(253, 4, 287, (15.0, 15.0))
(254, 1, 266, (15.0, 10.0))
(254, 2, 267, (20.0, 10.0))
(254, 3, 287, (15.0, 15.0))
(254, 4, 288, (20.0, 15.0))
(255, 1, 267, (20.0, 10.0))
(255, 2, 268, (25.0, 10.0))
(255, 3, 288, (20.0, 15.0))
(255, 4, 289, (25.0, 15.0))
(256, 1, 268, (25.0, 10.0))
(256, 2, 269, (30.0, 10.0))
(256, 3, 289, (25.0, 15.0))
(256, 4, 290, (30.0, 15.0))
(257, 1, 269, (30.0, 10.0))
(257, 2, 270, (35.0, 10.0))
(257, 3, 290, (30.0, 15.0))
(257, 4, 291, (35.0, 15.0))
(258, 1, 270, (35.0, 10.0))
(258, 2, 271, (40.0, 10.0))
(258, 3, 291, (35.0, 15.0))
(258, 4, 292, (40.0, 15.0))
(259, 1, 271, (40.0, 10.0))
(259, 2, 272, (45.0, 10.0))
(259, 3, 292, (40.0, 15.0))
(259, 4, 293, (45.0, 15.0))
(260, 1, 272, (45.0, 10.0))
(260, 2, 273, (50.0, 10.0))
(260, 3, 293, (45.0, 15.0))
(260, 4, 294, (50.0, 15.0))
(261, 1, 274, (-50.0, 15.0))
(261, 2, 275, (-45.0, 15.0))
(261, 3, 295, (-50.0, 20.0))
(261, 4, 296, (-45.0, 20.0))
(262, 1, 275, (-45.0, 15.0))
(262, 2, 276, (-40.0, 15.0))
(262, 3, 296, (-45.0, 20.0))
(262, 4, 297, (-40.0, 20.0))
(263, 1, 276, (-40.0, 15.0))
(263, 2, 277, (-35.0, 15.0))
(263, 3, 297, (-40.0, 20.0))
(263, 4, 298, (-35.0, 20.0))
(264, 1, 277, (-35.0, 15.0))
(264, 2, 278, (-30.0, 15.0))
(264, 3, 298, (-35.0, 20.0))
(264, 4, 299, (-30.0, 20.0))
(265, 1, 278, (-30.0, 15.0))
(265, 2, 279, (-25.0, 15.0))
(265, 3, 299, (-30.0, 20.0))
(265, 4, 300, (-25.0, 20.0))
(266, 1, 279, (-25.0, 15.0))
(266, 2, 280, (-20.0, 15.0))
(266, 3, 300, (-25.0, 20.0))
(266, 4, 301, (-20.0, 20.0))
(267, 1, 280, (-20.0, 15.0))
(267, 2, 281, (-15.0, 15.0))
(267, 3, 301, (-20.0, 20.0))
(267, 4, 302, (-15.0, 20.0))
(268, 1, 281, (-15.0, 15.0))
(268, 2, 282, (-10.0, 15.0))
(268, 3, 302, (-15.0, 20.0))
(268, 4, 303, (-10.0, 20.0))
(269, 1, 282, (-10.0, 15.0))
(269, 2, 283, (-5.0, 15.0))
(269, 3, 303, (-10.0, 20.0))
(269, 4, 304, (-5.0, 20.0))
(270, 1, 283, (-5.0, 15.0))
(270, 2, 284, (0.0, 15.0))
(270, 3, 304, (-5.0, 20.0))
(270, 4, 305, (0.0, 20.0))
(271, 1, 284, (0.0, 15.0))
(271, 2, 285, (5.0, 15.0))
(271, 3, 305, (0.0, 20.0))
(271, 4, 306, (5.0, 20.0))
(272, 1, 285, (5.0, 15.0))
(272, 2, 286, (10.0, 15.0))
(272, 3, 306, (5.0, 20.0))
(272, 4, 307, (10.0, 20.0))
(273, 1, 286, (10.0, 15.0))
(273, 2, 287, (15.0, 15.0))
(273, 3, 307, (10.0, 20.0))
(273, 4, 308, (15.0, 20.0))
(274, 1, 287, (15.0, 15.0))
(274, 2, 288, (20.0, 15.0))
(274, 3, 308, (15.0, 20.0))
(274, 4, 309, (20.0, 20.0))
(275, 1, 288, (20.0, 15.0))
(275, 2, 289, (25.0, 15.0))
(275, 3, 309, (20.0, 20.0))
(275, 4, 310, (25.0, 20.0))
(276, 1, 289, (25.0, 15.0))
(276, 2, 290, (30.0, 15.0))
(276, 3, 310, (25.0, 20.0))
(276, 4, 311, (30.0, 20.0))
(277, 1, 290, (30.0, 15.0))
(277, 2, 291, (35.0, 15.0))
(277, 3, 311, (30.0, 20.0))
(277, 4, 312, (35.0, 20.0))
(278, 1, 291, (35.0, 15.0))
(278, 2, 292, (40.0, 15.0))
(278, 3, 312, (35.0, 20.0))
(278, 4, 313, (40.0, 20.0))
(279, 1, 292, (40.0, 15.0))
(279, 2, 293, (45.0, 15.0))
(279, 3, 313, (40.0, 20.0))
(279, 4, 314, (45.0, 20.0))
(280, 1, 293, (45.0, 15.0))
(280, 2, 294, (50.0, 15.0))
(280, 3, 314, (45.0, 20.0))
(280, 4, 315, (50.0, 20.0))
(281, 1, 295, (-50.0, 20.0))
(281, 2, 296, (-45.0, 20.0))
(281, 3, 316, (-50.0, 25.0))
(281, 4, 317, (-45.0, 25.0))
(282, 1, 296, (-45.0, 20.0))
(282, 2, 297, (-40.0, 20.0))
(282, 3, 317, (-45.0, 25.0))
(282, 4, 318, (-40.0, 25.0))
(283, 1, 297, (-40.0, 20.0))
(283, 2, 298, (-35.0, 20.0))
(283, 3, 318, (-40.0, 25.0))
(283, 4, 319, (-35.0, 25.0))
(284, 1, 298, (-35.0, 20.0))
(284, 2, 299, (-30.0, 20.0))
(284, 3, 319, (-35.0, 25.0))
(284, 4, 320, (-30.0, 25.0))
(285, 1, 299, (-30.0, 20.0))
(285, 2, 300, (-25.0, 20.0))
(285, 3, 320, (-30.0, 25.0))
(285, 4, 321, (-25.0, 25.0))
(286, 1, 300, (-25.0, 20.0))
(286, 2, 301, (-20.0, 20.0))
(286, 3, 321, (-25.0, 25.0))
(286, 4, 322, (-20.0, 25.0))
(287, 1, 301, (-20.0, 20.0))
(287, 2, 302, (-15.0, 20.0))
(287, 3, 322, (-20.0, 25.0))
(287, 4, 323, (-15.0, 25.0))
(288, 1, 302, (-15.0, 20.0))
(288, 2, 303, (-10.0, 20.0))
(288, 3, 323, (-15.0, 25.0))
(288, 4, 324, (-10.0, 25.0))
(289, 1, 303, (-10.0, 20.0))
(289, 2, 304, (-5.0, 20.0))
(289, 3, 324, (-10.0, 25.0))
(289, 4, 325, (-5.0, 25.0))
(290, 1, 304, (-5.0, 20.0))
(290, 2, 305, (0.0, 20.0))
(290, 3, 325, (-5.0, 25.0))
(290, 4, 326, (0.0, 25.0))
(291, 1, 305, (0.0, 20.0))
(291, 2, 306, (5.0, 20.0))
(291, 3, 326, (0.0, 25.0))
(291, 4, 327, (5.0, 25.0))
(292, 1, 306, (5.0, 20.0))
(292, 2, 307, (10.0, 20.0))
(292, 3, 327, (5.0, 25.0))
(292, 4, 328, (10.0, 25.0))
(293, 1, 307, (10.0, 20.0))
(293, 2, 308, (15.0, 20.0))
(293, 3, 328, (10.0, 25.0))
(293, 4, 329, (15.0, 25.0))
(294, 1, 308, (15.0, 20.0))
(294, 2, 309, (20.0, 20.0))
(294, 3, 329, (15.0, 25.0))
(294, 4, 330, (20.0, 25.0))
(295, 1, 309, (20.0, 20.0))
(295, 2, 310, (25.0, 20.0))
(295, 3, 330, (20.0, 25.0))
(295, 4, 331, (25.0, 25.0))
(296, 1, 310, (25.0, 20.0))
(296, 2, 311, (30.0, 20.0))
(296, 3, 331, (25.0, 25.0))
(296, 4, 332, (30.0, 25.0))
(297, 1, 311, (30.0, 20.0))
(297, 2, 312, (35.0, 20.0))
(297, 3, 332, (30.0, 25.0))
(297, 4, 333, (35.0, 25.0))
(298, 1, 312, (35.0, 20.0))
(298, 2, 313, (40.0, 20.0))
(298, 3, 333, (35.0, 25.0))
(298, 4, 334, (40.0, 25.0))
(299, 1, 313, (40.0, 20.0))
(299, 2, 314, (45.0, 20.0))
(299, 3, 334, (40.0, 25.0))
(299, 4, 335, (45.0, 25.0))
(300, 1, 314, (45.0, 20.0))
(300, 2, 315, (50.0, 20.0))
(300, 3, 335, (45.0, 25.0))
(300, 4, 336, (50.0, 25.0))
(301, 1, 316, (-50.0, 25.0))
(301, 2, 317, (-45.0, 25.0))
(301, 3, 337, (-50.0, 30.0))
(301, 4, 338, (-45.0, 30.0))
(302, 1, 317, (-45.0, 25.0))
(302, 2, 318, (-40.0, 25.0))
(302, 3, 338, (-45.0, 30.0))
(302, 4, 339, (-40.0, 30.0))
(303, 1, 318, (-40.0, 25.0))
(303, 2, 319, (-35.0, 25.0))
(303, 3, 339, (-40.0, 30.0))
(303, 4, 340, (-35.0, 30.0))
(304, 1, 319, (-35.0, 25.0))
(304, 2, 320, (-30.0, 25.0))
(304, 3, 340, (-35.0, 30.0))
(304, 4, 341, (-30.0, 30.0))
(305, 1, 320, (-30.0, 25.0))
(305, 2, 321, (-25.0, 25.0))
(305, 3, 341, (-30.0, 30.0))
(305, 4, 342, (-25.0, 30.0))
(306, 1, 321, (-25.0, 25.0))
(306, 2, 322, (-20.0, 25.0))
(306, 3, 342, (-25.0, 30.0))
(306, 4, 343, (-20.0, 30.0))
(307, 1, 322, (-20.0, 25.0))
(307, 2, 323, (-15.0, 25.0))
(307, 3, 343, (-20.0, 30.0))
(307, 4, 344, (-15.0, 30.0))
(308, 1, 323, (-15.0, 25.0))
(308, 2, 324, (-10.0, 25.0))
(308, 3, 344, (-15.0, 30.0))
(308, 4, 345, (-10.0, 30.0))
(309, 1, 324, (-10.0, 25.0))
(309, 2, 325, (-5.0, 25.0))
(309, 3, 345, (-10.0, 30.0))
(309, 4, 346, (-5.0, 30.0))
(310, 1, 325, (-5.0, 25.0))
(310, 2, 326, (0.0, 25.0))
(310, 3, 346, (-5.0, 30.0))
(310, 4, 347, (0.0, 30.0))
(311, 1, 326, (0.0, 25.0))
(311, 2, 327, (5.0, 25.0))
(311, 3, 347, (0.0, 30.0))
(311, 4, 348, (5.0, 30.0))
(312, 1, 327, (5.0, 25.0))
(312, 2, 328, (10.0, 25.0))
(312, 3, 348, (5.0, 30.0))
(312, 4, 349, (10.0, 30.0))
(313, 1, 328, (10.0, 25.0))
(313, 2, 329, (15.0, 25.0))
(313, 3, 349, (10.0, 30.0))
(313, 4, 350, (15.0, 30.0))
(314, 1, 329, (15.0, 25.0))
(314, 2, 330, (20.0, 25.0))
(314, 3, 350, (15.0, 30.0))
(314, 4, 351, (20.0, 30.0))
(315, 1, 330, (20.0, 25.0))
(315, 2, 331, (25.0, 25.0))
(315, 3, 351, (20.0, 30.0))
(315, 4, 352, (25.0, 30.0))
(316, 1, 331, (25.0, 25.0))
(316, 2, 332, (30.0, 25.0))
(316, 3, 352, (25.0, 30.0))
(316, 4, 353, (30.0, 30.0))
(317, 1, 332, (30.0, 25.0))
(317, 2, 333, (35.0, 25.0))
(317, 3, 353, (30.0, 30.0))
(317, 4, 354, (35.0, 30.0))
(318, 1, 333, (35.0, 25.0))
(318, 2, 334, (40.0, 25.0))
(318, 3, 354, (35.0, 30.0))
(318, 4, 355, (40.0, 30.0))
(319, 1, 334, (40.0, 25.0))
(319, 2, 335, (45.0, 25.0))
(319, 3, 355, (40.0, 30.0))
(319, 4, 356, (45.0, 30.0))
(320, 1, 335, (45.0, 25.0))
(320, 2, 336, (50.0, 25.0))
(320, 3, 356, (45.0, 30.0))
(320, 4, 357, (50.0, 30.0))
(321, 1, 337, (-50.0, 30.0))
(321, 2, 338, (-45.0, 30.0))
(321, 3, 358, (-50.0, 35.0))
(321, 4, 359, (-45.0, 35.0))
(322, 1, 338, (-45.0, 30.0))
(322, 2, 339, (-40.0, 30.0))
(322, 3, 359, (-45.0, 35.0))
(322, 4, 360, (-40.0, 35.0))
(323, 1, 339, (-40.0, 30.0))
(323, 2, 340, (-35.0, 30.0))
(323, 3, 360, (-40.0, 35.0))
(323, 4, 361, (-35.0, 35.0))
(324, 1, 340, (-35.0, 30.0))
(324, 2, 341, (-30.0, 30.0))
(324, 3, 361, (-35.0, 35.0))
(324, 4, 362, (-30.0, 35.0))
(325, 1, 341, (-30.0, 30.0))
(325, 2, 342, (-25.0, 30.0))
(325, 3, 362, (-30.0, 35.0))
(325, 4, 363, (-25.0, 35.0))
(326, 1, 342, (-25.0, 30.0))
(326, 2, 343, (-20.0, 30.0))
(326, 3, 363, (-25.0, 35.0))
(326, 4, 364, (-20.0, 35.0))
(327, 1, 343, (-20.0, 30.0))
(327, 2, 344, (-15.0, 30.0))
(327, 3, 364, (-20.0, 35.0))
(327, 4, 365, (-15.0, 35.0))
(328, 1, 344, (-15.0, 30.0))
(328, 2, 345, (-10.0, 30.0))
(328, 3, 365, (-15.0, 35.0))
(328, 4, 366, (-10.0, 35.0))
(329, 1, 345, (-10.0, 30.0))
(329, 2, 346, (-5.0, 30.0))
(329, 3, 366, (-10.0, 35.0))
(329, 4, 367, (-5.0, 35.0))
(330, 1, 346, (-5.0, 30.0))
(330, 2, 347, (0.0, 30.0))
(330, 3, 367, (-5.0, 35.0))
(330, 4, 368, (0.0, 35.0))
(331, 1, 347, (0.0, 30.0))
(331, 2, 348, (5.0, 30.0))
(331, 3, 368, (0.0, 35.0))
(331, 4, 369, (5.0, 35.0))
(332, 1, 348, (5.0, 30.0))
(332, 2, 349, (10.0, 30.0))
(332, 3, 369, (5.0, 35.0))
(332, 4, 370, (10.0, 35.0))
(333, 1, 349, (10.0, 30.0))
(333, 2, 350, (15.0, 30.0))
(333, 3, 370, (10.0, 35.0))
(333, 4, 371, (15.0, 35.0))
(334, 1, 350, (15.0, 30.0))
(334, 2, 351, (20.0, 30.0))
(334, 3, 371, (15.0, 35.0))
(334, 4, 372, (20.0, 35.0))
(335, 1, 351, (20.0, 30.0))
(335, 2, 352, (25.0, 30.0))
(335, 3, 372, (20.0, 35.0))
(335, 4, 373, (25.0, 35.0))
(336, 1, 352, (25.0, 30.0))
(336, 2, 353, (30.0, 30.0))
(336, 3, 373, (25.0, 35.0))
(336, 4, 374, (30.0, 35.0))
(337, 1, 353, (30.0, 30.0))
(337, 2, 354, (35.0, 30.0))
(337, 3, 374, (30.0, 35.0))
(337, 4, 375, (35.0, 35.0))
(338, 1, 354, (35.0, 30.0))
(338, 2, 355, (40.0, 30.0))
(338, 3, 375, (35.0, 35.0))
(338, 4, 376, (40.0, 35.0))
(339, 1, 355, (40.0, 30.0))
(339, 2, 356, (45.0, 30.0))
(339, 3, 376, (40.0, 35.0))
(339, 4, 377, (45.0, 35.0))
(340, 1, 356, (45.0, 30.0))
(340, 2, 357, (50.0, 30.0))
(340, 3, 377, (45.0, 35.0))
(340, 4, 378, (50.0, 35.0))
(341, 1, 358, (-50.0, 35.0))
(341, 2, 359, (-45.0, 35.0))
(341, 3, 379, (-50.0, 40.0))
(341, 4, 380, (-45.0, 40.0))
(342, 1, 359, (-45.0, 35.0))
(342, 2, 360, (-40.0, 35.0))
(342, 3, 380, (-45.0, 40.0))
(342, 4, 381, (-40.0, 40.0))
(343, 1, 360, (-40.0, 35.0))
(343, 2, 361, (-35.0, 35.0))
(343, 3, 381, (-40.0, 40.0))
(343, 4, 382, (-35.0, 40.0))
(344, 1, 361, (-35.0, 35.0))
(344, 2, 362, (-30.0, 35.0))
(344, 3, 382, (-35.0, 40.0))
(344, 4, 383, (-30.0, 40.0))
(345, 1, 362, (-30.0, 35.0))
(345, 2, 363, (-25.0, 35.0))
(345, 3, 383, (-30.0, 40.0))
(345, 4, 384, (-25.0, 40.0))
(346, 1, 363, (-25.0, 35.0))
(346, 2, 364, (-20.0, 35.0))
(346, 3, 384, (-25.0, 40.0))
(346, 4, 385, (-20.0, 40.0))
(347, 1, 364, (-20.0, 35.0))
(347, 2, 365, (-15.0, 35.0))
(347, 3, 385, (-20.0, 40.0))
(347, 4, 386, (-15.0, 40.0))
(348, 1, 365, (-15.0, 35.0))
(348, 2, 366, (-10.0, 35.0))
(348, 3, 386, (-15.0, 40.0))
(348, 4, 387, (-10.0, 40.0))
(349, 1, 366, (-10.0, 35.0))
(349, 2, 367, (-5.0, 35.0))
(349, 3, 387, (-10.0, 40.0))
(349, 4, 388, (-5.0, 40.0))
(350, 1, 367, (-5.0, 35.0))
(350, 2, 368, (0.0, 35.0))
(350, 3, 388, (-5.0, 40.0))
(350, 4, 389, (0.0, 40.0))
(351, 1, 368, (0.0, 35.0))
(351, 2, 369, (5.0, 35.0))
(351, 3, 389, (0.0, 40.0))
(351, 4, 390, (5.0, 40.0))
(352, 1, 369, (5.0, 35.0))
(352, 2, 370, (10.0, 35.0))
(352, 3, 390, (5.0, 40.0))
(352, 4, 391, (10.0, 40.0))
(353, 1, 370, (10.0, 35.0))
(353, 2, 371, (15.0, 35.0))
(353, 3, 391, (10.0, 40.0))
(353, 4, 392, (15.0, 40.0))
(354, 1, 371, (15.0, 35.0))
(354, 2, 372, (20.0, 35.0))
(354, 3, 392, (15.0, 40.0))
(354, 4, 393, (20.0, 40.0))
(355, 1, 372, (20.0, 35.0))
(355, 2, 373, (25.0, 35.0))
(355, 3, 393, (20.0, 40.0))
(355, 4, 394, (25.0, 40.0))
(356, 1, 373, (25.0, 35.0))
(356, 2, 374, (30.0, 35.0))
(356, 3, 394, (25.0, 40.0))
(356, 4, 395, (30.0, 40.0))
(357, 1, 374, (30.0, 35.0))
(357, 2, 375, (35.0, 35.0))
(357, 3, 395, (30.0, 40.0))
(357, 4, 396, (35.0, 40.0))
(358, 1, 375, (35.0, 35.0))
(358, 2, 376, (40.0, 35.0))
(358, 3, 396, (35.0, 40.0))
(358, 4, 397, (40.0, 40.0))
(359, 1, 376, (40.0, 35.0))
(359, 2, 377, (45.0, 35.0))
(359, 3, 397, (40.0, 40.0))
(359, 4, 398, (45.0, 40.0))
(360, 1, 377, (45.0, 35.0))
(360, 2, 378, (50.0, 35.0))
(360, 3, 398, (45.0, 40.0))
(360, 4, 399, (50.0, 40.0))
(361, 1, 379, (-50.0, 40.0))
(361, 2, 380, (-45.0, 40.0))
(361, 3, 400, (-50.0, 45.0))
(361, 4, 401, (-45.0, 45.0))
(362, 1, 380, (-45.0, 40.0))
(362, 2, 381, (-40.0, 40.0))
(362, 3, 401, (-45.0, 45.0))
(362, 4, 402, (-40.0, 45.0))
(363, 1, 381, (-40.0, 40.0))
(363, 2, 382, (-35.0, 40.0))
(363, 3, 402, (-40.0, 45.0))
(363, 4, 403, (-35.0, 45.0))
(364, 1, 382, (-35.0, 40.0))
(364, 2, 383, (-30.0, 40.0))
(364, 3, 403, (-35.0, 45.0))
(364, 4, 404, (-30.0, 45.0))
(365, 1, 383, (-30.0, 40.0))
(365, 2, 384, (-25.0, 40.0))
(365, 3, 404, (-30.0, 45.0))
(365, 4, 405, (-25.0, 45.0))
(366, 1, 384, (-25.0, 40.0))
(366, 2, 385, (-20.0, 40.0))
(366, 3, 405, (-25.0, 45.0))
(366, 4, 406, (-20.0, 45.0))
(367, 1, 385, (-20.0, 40.0))
(367, 2, 386, (-15.0, 40.0))
(367, 3, 406, (-20.0, 45.0))
(367, 4, 407, (-15.0, 45.0))
(368, 1, 386, (-15.0, 40.0))
(368, 2, 387, (-10.0, 40.0))
(368, 3, 407, (-15.0, 45.0))
(368, 4, 408, (-10.0, 45.0))
(369, 1, 387, (-10.0, 40.0))
(369, 2, 388, (-5.0, 40.0))
(369, 3, 408, (-10.0, 45.0))
(369, 4, 409, (-5.0, 45.0))
(370, 1, 388, (-5.0, 40.0))
(370, 2, 389, (0.0, 40.0))
(370, 3, 409, (-5.0, 45.0))
(370, 4, 410, (0.0, 45.0))
(371, 1, 389, (0.0, 40.0))
(371, 2, 390, (5.0, 40.0))
(371, 3, 410, (0.0, 45.0))
(371, 4, 411, (5.0, 45.0))
(372, 1, 390, (5.0, 40.0))
(372, 2, 391, (10.0, 40.0))
(372, 3, 411, (5.0, 45.0))
(372, 4, 412, (10.0, 45.0))
(373, 1, 391, (10.0, 40.0))
(373, 2, 392, (15.0, 40.0))
(373, 3, 412, (10.0, 45.0))
(373, 4, 413, (15.0, 45.0))
(374, 1, 392, (15.0, 40.0))
(374, 2, 393, (20.0, 40.0))
(374, 3, 413, (15.0, 45.0))
(374, 4, 414, (20.0, 45.0))
(375, 1, 393, (20.0, 40.0))
(375, 2, 394, (25.0, 40.0))
(375, 3, 414, (20.0, 45.0))
(375, 4, 415, (25.0, 45.0))
(376, 1, 394, (25.0, 40.0))
(376, 2, 395, (30.0, 40.0))
(376, 3, 415, (25.0, 45.0))
(376, 4, 416, (30.0, 45.0))
(377, 1, 395, (30.0, 40.0))
(377, 2, 396, (35.0, 40.0))
(377, 3, 416, (30.0, 45.0))
(377, 4, 417, (35.0, 45.0))
(378, 1, 396, (35.0, 40.0))
(378, 2, 397, (40.0, 40.0))
(378, 3, 417, (35.0, 45.0))
(378, 4, 418, (40.0, 45.0))
(379, 1, 397, (40.0, 40.0))
(379, 2, 398, (45.0, 40.0))
(379, 3, 418, (40.0, 45.0))
(379, 4, 419, (45.0, 45.0))
(380, 1, 398, (45.0, 40.0))
(380, 2, 399, (50.0, 40.0))
(380, 3, 419, (45.0, 45.0))
(380, 4, 420, (50.0, 45.0))
(381, 1, 400, (-50.0, 45.0))
(381, 2, 401, (-45.0, 45.0))
(381, 3, 421, (-50.0, 50.0))
(381, 4, 422, (-45.0, 50.0))
(382, 1, 401, (-45.0, 45.0))
(382, 2, 402, (-40.0, 45.0))
(382, 3, 422, (-45.0, 50.0))
(382, 4, 423, (-40.0, 50.0))
(383, 1, 402, (-40.0, 45.0))
(383, 2, 403, (-35.0, 45.0))
(383, 3, 423, (-40.0, 50.0))
(383, 4, 424, (-35.0, 50.0))
(384, 1, 403, (-35.0, 45.0))
(384, 2, 404, (-30.0, 45.0))
(384, 3, 424, (-35.0, 50.0))
(384, 4, 425, (-30.0, 50.0))
(385, 1, 404, (-30.0, 45.0))
(385, 2, 405, (-25.0, 45.0))
(385, 3, 425, (-30.0, 50.0))
(385, 4, 426, (-25.0, 50.0))
(386, 1, 405, (-25.0, 45.0))
(386, 2, 406, (-20.0, 45.0))
(386, 3, 426, (-25.0, 50.0))
(386, 4, 427, (-20.0, 50.0))
(387, 1, 406, (-20.0, 45.0))
(387, 2, 407, (-15.0, 45.0))
(387, 3, 427, (-20.0, 50.0))
(387, 4, 428, (-15.0, 50.0))
(388, 1, 407, (-15.0, 45.0))
(388, 2, 408, (-10.0, 45.0))
(388, 3, 428, (-15.0, 50.0))
(388, 4, 429, (-10.0, 50.0))
(389, 1, 408, (-10.0, 45.0))
(389, 2, 409, (-5.0, 45.0))
(389, 3, 429, (-10.0, 50.0))
(389, 4, 430, (-5.0, 50.0))
(390, 1, 409, (-5.0, 45.0))
(390, 2, 410, (0.0, 45.0))
(390, 3, 430, (-5.0, 50.0))
(390, 4, 431, (0.0, 50.0))
(391, 1, 410, (0.0, 45.0))
(391, 2, 411, (5.0, 45.0))
(391, 3, 431, (0.0, 50.0))
(391, 4, 432, (5.0, 50.0))
(392, 1, 411, (5.0, 45.0))
(392, 2, 412, (10.0, 45.0))
(392, 3, 432, (5.0, 50.0))
(392, 4, 433, (10.0, 50.0))
(393, 1, 412, (10.0, 45.0))
(393, 2, 413, (15.0, 45.0))
(393, 3, 433, (10.0, 50.0))
(393, 4, 434, (15.0, 50.0))
(394, 1, 413, (15.0, 45.0))
(394, 2, 414, (20.0, 45.0))
(394, 3, 434, (15.0, 50.0))
(394, 4, 435, (20.0, 50.0))
(395, 1, 414, (20.0, 45.0))
(395, 2, 415, (25.0, 45.0))
(395, 3, 435, (20.0, 50.0))
(395, 4, 436, (25.0, 50.0))
(396, 1, 415, (25.0, 45.0))
(396, 2, 416, (30.0, 45.0))
(396, 3, 436, (25.0, 50.0))
(396, 4, 437, (30.0, 50.0))
(397, 1, 416, (30.0, 45.0))
(397, 2, 417, (35.0, 45.0))
(397, 3, 437, (30.0, 50.0))
(397, 4, 438, (35.0, 50.0))
(398, 1, 417, (35.0, 45.0))
(398, 2, 418, (40.0, 45.0))
(398, 3, 438, (35.0, 50.0))
(398, 4, 439, (40.0, 50.0))
(399, 1, 418, (40.0, 45.0))
(399, 2, 419, (45.0, 45.0))
(399, 3, 439, (40.0, 50.0))
(399, 4, 440, (45.0, 50.0))
(400, 1, 419, (45.0, 45.0))
(400, 2, 420, (50.0, 45.0))
(400, 3, 440, (45.0, 50.0))
(400, 4, 441, (50.0, 50.0))
